5
11
14
7
2
1
17
8
10
18
16
17
6
4
10
2
7
4
13
15
12
1
10
10
6
18
1
7
16
8
4
17
9
2
19
3
18
6
16
4
17
17
12
3
18
9
13
19
1
6
2
19
14
0
14
17
2
4
19
14
0
15
16
11
12
3
1
0
1
10
11
7
5
1
19
3
15
7
14
5
8
7
11
13
7
4
1
5
13
19
7
3
11
2
11
2
14
19
0
7
11
18
10
8
3
7
11
13
4
0
3
6
11
1
8
10
12
0
2
10
12
19
3
6
15
5
5
13
18
16
4
19
2
16
14
18
3
5
3
14
13
12
18
11
1
19
13
5
9
15
16
16
9
5
17
16
13
15
16
5
3
9
10
9
16
2
15
1
14
5
13
2
17
0
8
11
16
8
12
18
9
0
2
11
13
12
17
12
17
0
12
0
11
14
2
18
0
15
16
1
1
10
0
18
1
14
10
18
18
9
4
6
3
16
6
1
17
3
7
14
16
7
4
15
19
17
3
13
0
19
8
19
4
8
9
10
10
9
6
18
18
3
4
4
15
11
14
17
14
10
12
16
18
12
15
17
19
12
12
3
15
7
5
14
9
4
7
0
19
11
0
7
9
19
18
7
5
8
15
11
10
10
14
6
13
9
8
4
9
5
19
1
8
2
17
13
0
2
8
15
6
9
4
13
13
5
1
16
6
5
5
17
17
8
3
5
15
12
12
17
3
7
14
19
12
13
0
2
13
9
9
17
16
7
18
8
9
7
3
10
2
11
12
19
16
14
6
5
4
11
8
13
15
16
4
12
6
2
13
9
6
10
15
8
10
6
4
11
14
6
10
9
6
17
8
6
5
0
6
4
8
1
14
18
1
12
19
15
2
3
0
8
1
15
15
2
0
11
7
18
