**************************************************
佐藤優太, B223330
日付: 2022-11-08 21:12:40.501656
課題5: 行列演算およびデコレータ関数利用例
**************************************************
入力された値: M=3, N=3, flag=0
A:
| 8.5861 0.5938 1.4155 |
| 1.1466 -8.5323 1.4999 |
| 9.2279 8.6019 -3.5122 |
B:
| 0.7642 3.6298 1.7779 |
| 2.6383 8.5798 2.5982 |
| 3.9048 -0.1226 -5.9169 |
C=A+B:
| 9.3503 4.2236 3.1934 |
| 3.7849 0.0475 4.0981 |
| 13.1327 8.4794 -9.4291 |
C=A-B:
| 7.8219 -3.0361 -0.3624 |
| -1.4918 -17.1120 -1.0984 |
| 5.3230 8.7245 2.4047 |
C=A*B:
| 6.5618 2.1552 2.5167 |
| 3.0250 -73.2047 3.8970 |
| 36.0335 -1.0545 20.7811 |
C=A/B:
| 11.2349 0.1636 0.7961 |
| 0.4346 -0.9945 0.5773 |
| 2.3632 -70.1680 0.5936 |
**************************************************
佐藤優太, B223330
日付: 2022-11-08 21:12:46.770523
課題5: 行列演算およびデコレータ関数利用例
**************************************************
入力された値: M=3, N=3, flag=1
A:
| -5.4675 -7.3305 2.3037 |
| -7.7431 -3.2888 9.4182 |
| -9.9641 -0.8368 -2.2171 |
B:
| 0.0000 -2.1916 9.8430 |
| 3.6250 -9.4161 8.6413 |
| 1.2727 2.2591 -1.7588 |
C=A+B:
| -5.4675 -9.5220 12.1466 |
| -4.1181 -12.7050 18.0594 |
| -8.6914 1.4223 -3.9759 |
C=A-B:
| -5.4675 -5.1389 -7.5393 |
| -11.3680 6.1273 0.7769 |
| -11.2368 -3.0959 -0.4582 |
C=A*B:
| -0.0000 16.0652 22.6749 |
| -28.0684 30.9680 81.3850 |
| -12.6811 -1.8905 3.8995 |
C=A/B:
ZeroDivisionError
